MedidaOrdenacion.medidaInsercion()
# Busqueda lineal. Tiempos en microsegundos
# Talla        Peor   Mejor   Promedio
#-------------------------------------
   10000         26725.97      263.04         12839.31
   20000        101528.83       54.67         51476.56
   30000        230321.70       72.98        115335.29
   40000        409628.00      101.46        202057.05
   50000        630772.57      120.24        321907.27
   60000        912540.74      143.16        464938.38
   70000       1257241.39      185.69        622196.41
   80000       1972177.46      193.36        842309.31
   90000       2089072.85      215.19       1058597.52
  100000       2560630.67      326.17       1267571.85
